SimulationTime 5000
SimulationStepTime 1
Conductivity 2.0
Alfa 300
Tot 735
InitialTemp 263
Density 3000
SpecificHeat 1000
LatentHeat 100000
MeltingTemp 303
MeltingRange 4
Nodes number 22
Elements number 10
*Node
      1, 0.00, 0.00
      2, 0.01, 0.00
      3, 0.02, 0.00
      4, 0.03, 0.00
      5, 0.04, 0.00
      6, 0.05, 0.00
      7, 0.06, 0.00
      8, 0.07, 0.00
      9, 0.08, 0.00
     10, 0.09, 0.00
     11, 0.10, 0.00
     12, 0.00, 0.01
     13, 0.01, 0.01
     14, 0.02, 0.01
     15, 0.03, 0.01
     16, 0.04, 0.01
     17, 0.05, 0.01
     18, 0.06, 0.01
     19, 0.07, 0.01
     20, 0.08, 0.01
     21, 0.09, 0.01
     22, 0.10, 0.01
*Element, type=DC2D4
 1,  1,  2, 13, 12
 2,  2,  3, 14, 13
 3,  3,  4, 15, 14
 4,  4,  5, 16, 15
 5,  5,  6, 17, 16
 6,  6,  7, 18, 17
 7,  7,  8, 19, 18
 8,  8,  9, 20, 19
 9,  9, 10, 21, 20
10, 10, 11, 22, 21
*BC
11, 22